%--------------------------------------------------------------------------
%
%                              Corn_Wind.m                                    
%
%                  From Gaby Katul === Katul et. al. (2004) 
%                      
%--------------------------------------------------------------------------

zzm  =  [0.33 0.33 0.44 0.44 0.5 0.5 0.5 0.5 0.62 0.62 0.75 0.81 0.81 0.87 0.87 0.87 0.87 1];     
umm  =  [0.14 0.13 0.24 0.24 0.43 0.47 0.34 0.34 0.52 0.57 0.99 1.57 1.59 1.85 2.01 2.12 2.07 3.04]/3.04;   
uwm  =  [0.0094 0.022 0.053 0.057 0.049 0.076 0.039 0.044 0.113 0.126 0.31 0.63 0.64 0.78 0.79 0.96 0.96 1];